local Player = game.Players.localPlayer
---Localized By dArkluigi87---
--fixed By IXZenoxXI--
local Character = Player.Character
local Humanoid = Character.Humanoid
local Mouse = Player:GetMouse()
local LeftArm = Character["Left Arm"]
local RightArm = Character["Right Arm"]
local LeftLeg = Character["Left Leg"]
local RightLeg = Character["Right Leg"]
local Head = Character.Head
local Torso = Character.Torso
local Camera = game.Workspace.CurrentCamera
local RootPart = Character.HumanoidRootPart
local RootJoint = RootPart.RootJoint
local attack = false
local Anim = 'Idle'
local attacktype = 1
local Torsovelocity = (RootPart.Velocity * Vector3.new(1, 0, 1)).magnitude 
local velocity = RootPart.Velocity.y
local sine = 0
local change = 1
local Create = LoadLibrary("RbxUtility").Create

local m = Create("Model"){
	Parent = Character,
	Name = "WeaponModel",
}
local runDummyScript = function(f,scri)
local oldenv = getfenv(f)
local newenv = setmetatable({}, {
__index = function(_, k)
if k:lower() == 'script' then
return scri
else
return oldenv[k]
end
end
})
setfenv(f, newenv)
ypcall(function() f() end)
end
cors = {}
mas = Instance.new("Model",game:GetService("Lighting")) 
mas.Name = "CompiledModel"
o1 = Instance.new("Model")
o2 = Instance.new("Part")
o3 = Instance.new("SpecialMesh")
o4 = Instance.new("Model")
o5 = Instance.new("Part")
o6 = Instance.new("SpecialMesh")
o7 = Instance.new("Weld")
o8 = Instance.new("Part")
o9 = Instance.new("SpecialMesh")
o10 = Instance.new("Weld")
o11 = Instance.new("Part")
o12 = Instance.new("SpecialMesh")
o13 = Instance.new("Weld")
o14 = Instance.new("Part")
o15 = Instance.new("SpecialMesh")
o16 = Instance.new("Weld")
o17 = Instance.new("Part")
o18 = Instance.new("SpecialMesh")
o19 = Instance.new("Weld")
o20 = Instance.new("Part")
o21 = Instance.new("SpecialMesh")
o22 = Instance.new("Weld")
o23 = Instance.new("Part")
o24 = Instance.new("SpecialMesh")
o25 = Instance.new("Weld")
o26 = Instance.new("Part")
o27 = Instance.new("SpecialMesh")
o28 = Instance.new("Weld")
o29 = Instance.new("Part")
o30 = Instance.new("SpecialMesh")
o31 = Instance.new("Weld")
o32 = Instance.new("Part")
o33 = Instance.new("SpecialMesh")
o34 = Instance.new("Weld")
o35 = Instance.new("Part")
o36 = Instance.new("SpecialMesh")
o37 = Instance.new("Weld")
o38 = Instance.new("Part")
o39 = Instance.new("SpecialMesh")
o40 = Instance.new("Weld")
o41 = Instance.new("Part")
o42 = Instance.new("SpecialMesh")
o43 = Instance.new("Weld")
o44 = Instance.new("Part")
o45 = Instance.new("SpecialMesh")
o46 = Instance.new("Weld")
o47 = Instance.new("Part")
o48 = Instance.new("SpecialMesh")
o49 = Instance.new("Weld")
o50 = Instance.new("Part")
o51 = Instance.new("SpecialMesh")
o52 = Instance.new("Weld")
o53 = Instance.new("Part")
o54 = Instance.new("SpecialMesh")
o55 = Instance.new("Weld")
o56 = Instance.new("Part")
o57 = Instance.new("SpecialMesh")
o58 = Instance.new("Weld")
o59 = Instance.new("Part")
o60 = Instance.new("SpecialMesh")
o61 = Instance.new("Weld")
o62 = Instance.new("Part")
o63 = Instance.new("SpecialMesh")
o64 = Instance.new("Weld")
o1.Name = "Head_"
o1.Parent = mas
o2.Name = "REF"
o2.Parent = o1
o2.Transparency = 1
o2.Position = Vector3.new(110.644409, 4.68007088, -60.6269913)
o2.Rotation = Vector3.new(180, 0.0199999996, -180)
o2.Anchored = false
o2.CanCollide = false
o2.FormFactor = Enum.FormFactor.Symmetric
o2.Size = Vector3.new(2, 1, 1)
o2.CFrame = CFrame.new(110.644409, 4.68007088, -60.6269913, -0.99999994, 1.23944917e-22, 0.000331714633, 1.23908515e-22, 1, -1.09738441e-22, -0.000331714633, -1.09697344e-22, -0.99999994)
o2.BottomSurface = Enum.SurfaceType.Smooth
o2.TopSurface = Enum.SurfaceType.Smooth
o2.Position = Vector3.new(110.644409, 4.68007088, -60.6269913)
o3.Parent = o2
o3.Scale = Vector3.new(1.25, 1.25, 1.25)
o4.Name = "Hat"
o4.Parent = o1


o56.Name = "NinjaHalfmask"
o56.Parent = o1
o56.Position = Vector3.new(110.62999, 4.40999889, -60.6299591)
o56.Rotation = Vector3.new(-180, 0, -180)
o56.Anchored = false
o56.FormFactor = Enum.FormFactor.Custom
o56.Size = Vector3.new(1.39999914, 0.80000025, 1.39999986)
o56.CFrame = CFrame.new(110.62999, 4.40999889, -60.6299591, -1, 0, 0, 0, 1, 0, 0, 0, -1)
o56.BottomSurface = Enum.SurfaceType.Smooth
o56.TopSurface = Enum.SurfaceType.Smooth
o56.Position = Vector3.new(110.62999, 4.40999889, -60.6299591)
o57.Parent = o56
o57.MeshId = "http://www.roblox.com/asset/?id=72541091"
o57.Scale = Vector3.new(1, 1, 0.949999988)
o57.TextureId = "rbxassetid://0"
o57.VertexColor = Vector3.new(0, 0, 0)
o57.MeshType = Enum.MeshType.FileMesh
o58.Name = "Joint"
o58.Parent = o56
o58.C0 = CFrame.new(-0.0144195557, 0.270071983, -0.00296783447, 0.99999994, -1.23944917e-22, -0.000331714633, 1.23908515e-22, 1, -1.09738441e-22, 0.000331714633, 1.09697344e-22, 0.99999994)
o58.Part0 = o56
o58.Part1 = o2
o61.Name = "Joint"
o61.Parent = o59
o61.C0 = CFrame.new(-0.0643463135, -1.15692234, -0.00032043457, 0.99999994, -1.23944917e-22, -0.000331714633, -6.51779555e-05, 0.980506241, -0.196488023, 0.000325248257, 0.196488023, 0.980506182)
o61.Part0 = o59
o61.Part1 = o2
o64.Name = "Joint"
o64.Parent = o61
o64.C0 = CFrame.new(-0.0451278687, 0.602211952, -0.865444183, 0.999979198, -1.23196559e-22, 0.00646429276, -0.000884826644, 0.990587771, 0.13687627, -0.00640344899, -0.136879131, 0.990567029)
o64.Part0 = o62
o64.Part1 = o2
mas.Parent = workspace
mas:MakeJoints()
local mas1 = mas:GetChildren()
for i=1,#mas1 do
	mas1[i].Parent = workspace 
	ypcall(function() mas1[i]:MakeJoints() end)
end
mas:Destroy()
for i=1,#cors do
coroutine.resume(cors[i])
end

wait()

Workspace["Head_"].Parent = game.Players.LocalPlayer.Character

game.Players.LocalPlayer.Character["Head_"].Name = "Familiar Head"

w = Instance.new("Weld", game.Players.LocalPlayer.Character["Head"])
w.Part0 = game.Players.LocalPlayer.Character["Head"]
w.Part1 = o2
w.C0 = CFrame.new(0, 0, 0)*CFrame.Angles(0, 0, 0)
game.Players.LocalPlayer.Character["Head"].Transparency = 0

for i,v in pairs (game.Players.LocalPlayer.Character["Familiar Head"]:GetChildren()) do
	if v.ClassName == "Part" then
	v.CanCollide = false
	v.Anchored = false
	end
end

for i,v in pairs (game.Players.LocalPlayer.Character["Familiar Head"].Hat:GetChildren()) do
	v.Anchored = false
	v.CanCollide = false
end


local runDummyScript = function(f,scri)
local oldenv = getfenv(f)
local newenv = setmetatable({}, {
__index = function(_, k)
if k:lower() == 'script' then
return scri
else
return oldenv[k]
end
end
})
setfenv(f, newenv)
ypcall(function() f() end)
end
cors = {}
mas = Instance.new("Model",game:GetService("Lighting")) 
mas.Name = "CompiledModel"
o1 = Instance.new("Model")
o2 = Instance.new("Script")
o3 = Instance.new("Model")
o4 = Instance.new("Part")
o5 = Instance.new("SpecialMesh")
o6 = Instance.new("Weld")
o7 = Instance.new("Part")
o8 = Instance.new("BlockMesh")
o9 = Instance.new("Weld")
o10 = Instance.new("Part")
o11 = Instance.new("SpecialMesh")
o12 = Instance.new("Weld")
o13 = Instance.new("Part")
o14 = Instance.new("BlockMesh")
o15 = Instance.new("Weld")
o16 = Instance.new("Part")
o17 = Instance.new("SpecialMesh")
o18 = Instance.new("Weld")
o19 = Instance.new("Part")
o20 = Instance.new("BlockMesh")
o21 = Instance.new("Weld")
o22 = Instance.new("Part")
o23 = Instance.new("SpecialMesh")
o24 = Instance.new("Weld")
o25 = Instance.new("Part")
o26 = Instance.new("BlockMesh")
o27 = Instance.new("Weld")
o28 = Instance.new("LocalScript")
o29 = Instance.new("IntValue")
o30 = Instance.new("IntValue")
o31 = Instance.new("IntValue")
o32 = Instance.new("IntValue")
o33 = Instance.new("IntValue")
o34 = Instance.new("IntValue")
o35 = Instance.new("IntValue")
o36 = Instance.new("Part")
o37 = Instance.new("SpecialMesh")
o38 = Instance.new("Script")
o39 = Instance.new("Weld")
o40 = Instance.new("Part")
o41 = Instance.new("SpecialMesh")
o42 = Instance.new("Script")
o43 = Instance.new("Weld")
o44 = Instance.new("Part")
o45 = Instance.new("SpecialMesh")
o46 = Instance.new("Script")
o47 = Instance.new("Weld")
o48 = Instance.new("Part")
o49 = Instance.new("CylinderMesh")
o50 = Instance.new("Script")
o51 = Instance.new("Weld")
o52 = Instance.new("Part")
o53 = Instance.new("SpecialMesh")
o54 = Instance.new("Weld")
o55 = Instance.new("Part")
o56 = Instance.new("SpecialMesh")
o57 = Instance.new("Weld")
o58 = Instance.new("Part")
o59 = Instance.new("SpecialMesh")
o60 = Instance.new("Weld")
o61 = Instance.new("Part")
o62 = Instance.new("SpecialMesh")
o63 = Instance.new("Weld")
o64 = Instance.new("Part")
o65 = Instance.new("BlockMesh")
o66 = Instance.new("Part")
o67 = Instance.new("SpecialMesh")
o68 = Instance.new("Weld")
o69 = Instance.new("Part")
o70 = Instance.new("SpecialMesh")
o71 = Instance.new("Weld")
o72 = Instance.new("Part")
o73 = Instance.new("BlockMesh")
o74 = Instance.new("Weld")
o75 = Instance.new("Part")
o76 = Instance.new("SpecialMesh")
o77 = Instance.new("Weld")
o78 = Instance.new("Part")
o79 = Instance.new("BlockMesh")
o80 = Instance.new("Weld")
o81 = Instance.new("Part")
o82 = Instance.new("BlockMesh")
o83 = Instance.new("Weld")
o84 = Instance.new("Part")
o85 = Instance.new("SpecialMesh")
o86 = Instance.new("Weld")
o87 = Instance.new("Part")
o88 = Instance.new("SpecialMesh")
o89 = Instance.new("Weld")
o90 = Instance.new("Part")
o91 = Instance.new("SpecialMesh")
o92 = Instance.new("Weld")
o93 = Instance.new("Part")
o94 = Instance.new("SpecialMesh")
o95 = Instance.new("Weld")
o96 = Instance.new("Part")
o97 = Instance.new("BlockMesh")
o98 = Instance.new("Weld")
o99 = Instance.new("Part")
o100 = Instance.new("SpecialMesh")
o101 = Instance.new("Weld")
o102 = Instance.new("Part")
o103 = Instance.new("BlockMesh")
o104 = Instance.new("Weld")
o1.Name = "Armor"
o1.Parent = mas
o2.Name = "Welds"
o2.Parent = o1
table.insert(cors,coroutine.create(function()
wait()
runDummyScript(function()
--Saz

--A new system which is a combination of fast-welds and hard-welds.
--Should be far, far better.

--When script.CreateNewWelds.Value == true, we create a new set of weld information on script run.
--This toggles off automatically afterwards, to prevent issues that fast-welds can cause.

--Cruder than I wanted it to be, but not like I intended for anyone but me to use it anyway.
--The fact that you're reading this means you should likely kill yourself. Immediately.

wait(.33)

Tool=script.Parent
Nib=Tool.Parent

running=0
jumping=0
clothinganim=function()
	
	torsovel=Nib.Torso.Velocity
	vely=torsovel.y
	velh=Vector3.new(torsovel.x,0,torsovel.z)
	
	coseff=math.cos(time()*2) / 18
	jumping=0
	if vely > 6 then
		jumping=1
		coseff=0
	elseif vely<-6 then
		jumping=-1
		coseff=0
	end
	running=0
	if velh.magnitude > 5 then
		running=1
		coseff=0
	end
	
	rundir=1
	dir=Nib.Torso.Velocity
	magfor=(dir-Nib.Torso.CFrame.lookVector*dir.magnitude).magnitude
	magback=(dir-Nib.Torso.CFrame.lookVector*-dir.magnitude).magnitude
	if magfor > magback then
		rundir=-1
	end
	
	runeff=(((velh.magnitude / math.pi / 9) * running) * rundir) * 1.1
	jumpeff=(math.abs(vely / 4) * jumping) / 9
	
	fluidback=-.2 + jumpeff - (runeff / 3)
	fluidback2=-.8 + coseff + runeff * 2 - jumpeff*2
	
	if fluidback > -.05 then
		fluidback=-.05
	end
	if fluidback < -math.rad(175) then
		fluidback=-math.rad(175)
	end
	if fluidback2 > 1.6 then
		fluidback2=1.6
	end
	if fluidback2 < -1.55 then
		fluidback2=-1.55
	end
	
	gottagofast=(dir-Vector3.new(0,0,0)).magnitude/10 + .08
	
	Tool.Cloak.CloakScript.Initial.Value = -6 - math.deg(fluidback*1.5) + (jumpeff)
	Tool.Cloak.CloakScript.Progression.Value = gottagofast*1.5 + - (jumpeff * 2) - 1
	
	Tool.Cloak.CloakScript.Right1.Value=40-gottagofast*17.5 + (jumpeff * 3)
	Tool.Cloak.CloakScript.Right2.Value=20-gottagofast*8 + (jumpeff * 4)
	Tool.Cloak.CloakScript.Left1.Value=40-gottagofast*17.5 + (jumpeff * 3)
	Tool.Cloak.CloakScript.Left2.Value=20-gottagofast*8 + (jumpeff * 4)
end

weldparts=function()
	print("")
	lel={}
	function jarate(p)
		for i=1, #p do
			table.insert(lel,p[i])
			k=p[i]:children()
			if #k>0 then
				jarate(k)
			end
		end
	end
	for _,v in pairs(script.Parent:children()) do
		if v.Name~="Cloak" and v.className~="Script" then
			v:BreakJoints()
			jarate(v:children())
		end
	end
	for _,v in pairs(lel) do
		if v.className=="Weld" or v.className=="Motor6D" then
			v:Remove()
		end
	end
end
weldparts()

wait(.5)

LEL=game:GetService("RunService").Stepped:connect(clothinganim)
end,o2)
end))
o3.Name = "Cloak"
o3.Parent = o1
o4.Name = "Tier6L"
o4.Parent = o3
o4.Material = Enum.Material.SmoothPlastic
o4.BrickColor = BrickColor.new("Really black")
o4.Position = Vector3.new(61.7912445, 1.25607467, -7180.82422)
o4.Rotation = Vector3.new(-86.7399979, 5.03999996, 147.070007)
o4.CanCollide = false
o4.FormFactor = Enum.FormFactor.Custom
o4.Size = Vector3.new(0.200000003, 2.19999981, 0.600000024)
o4.CFrame = CFrame.new(61.7912445, 1.25607467, -7180.82422, -0.836119115, -0.541471124, 0.0878807157, 0.10452985, -1.06138032e-07, 0.994521618, -0.538504481, 0.840725243, 0.056600064)
o4.BackSurface = Enum.SurfaceType.SmoothNoOutlines
o4.BottomSurface = Enum.SurfaceType.SmoothNoOutlines
o4.FrontSurface = Enum.SurfaceType.SmoothNoOutlines
o4.LeftSurface = Enum.SurfaceType.SmoothNoOutlines
o4.RightSurface = Enum.SurfaceType.SmoothNoOutlines
o4.TopSurface = Enum.SurfaceType.SmoothNoOutlines
o4.Color = Color3.new(0.0666667, 0.0666667, 0.0666667)
o4.Position = Vector3.new(61.7912445, 1.25607467, -7180.82422)
o4.Orientation = Vector3.new(-84, 57.2200012, 90)
o4.Color = Color3.new(0.0666667, 0.0666667, 0.0666667)
o5.Parent = o4
o5.Scale = Vector3.new(0.550000012, 1, 1)
o5.MeshType = Enum.MeshType.Wedge
o5.Scale = Vector3.new(0.550000012, 1, 1)
o6.Name = "Joint"
o6.Parent = o4
o6.C0 = CFrame.new(-0.0329589844, 0.100097656, 2.759552, -4.52394415e-05, 0.99939096, 0.0348952115, 1, 4.41140946e-05, 3.30192197e-05, 3.14597382e-05, 0.0348952115, -0.999391079)
o6.Part0 = o4
o6.Part1 = o64
o7.Name = "Tier4"
o7.Parent = o3
o7.Material = Enum.Material.SmoothPlastic
o7.BrickColor = BrickColor.new("Really black")
o7.Position = Vector3.new(61.9097748, 3.12423563, -7180.62842)
o7.Rotation = Vector3.new(-86.1999969, 5.88000011, -122.980003)
o7.CanCollide = false
o7.FormFactor = Enum.FormFactor.Custom
o7.Size = Vector3.new(2.4000001, 0.200000003, 0.400000036)
o7.CFrame = CFrame.new(61.9097748, 3.12423563, -7180.62842, -0.541471064, 0.834458232, 0.102458574, 1.34532456e-08, -0.121869415, 0.992546022, 0.840725303, 0.537434757, 0.0659888163)
o7.BackSurface = Enum.SurfaceType.SmoothNoOutlines
o7.BottomSurface = Enum.SurfaceType.SmoothNoOutlines
o7.FrontSurface = Enum.SurfaceType.SmoothNoOutlines
o7.LeftSurface = Enum.SurfaceType.SmoothNoOutlines
o7.RightSurface = Enum.SurfaceType.SmoothNoOutlines
o7.TopSurface = Enum.SurfaceType.SmoothNoOutlines
o7.Color = Color3.new(0.0666667, 0.0666667, 0.0666667)
o7.Position = Vector3.new(61.9097748, 3.12423563, -7180.62842)
o7.Orientation = Vector3.new(-83, 57.2200012, 180)
o7.Color = Color3.new(0.0666667, 0.0666667, 0.0666667)
o8.Parent = o7
o8.Scale = Vector3.new(1, 0.550000012, 1)
o8.Scale = Vector3.new(1, 0.550000012, 1)
o9.Name = "Joint"
o9.Parent = o7
o9.C0 = CFrame.new(0, 0.00854492188, 0.880432129, 1, 4.40463482e-05, 3.28889328e-05, 4.46135346e-05, -0.99984777, -0.0174494404, 3.21153384e-05, 0.0174494442, -0.99984777)
o9.Part0 = o7
o9.Part1 = o64
o10.Name = "Tier6R"
o10.Parent = o3
o10.Material = Enum.Material.SmoothPlastic
o10.BrickColor = BrickColor.new("Really black")
o10.Position = Vector3.new(61.6828423, 1.25604415, -7180.65576)
o10.Rotation = Vector3.new(-86.7399979, 5.03999996, -32.9300003)
o10.CanCollide = false
o10.FormFactor = Enum.FormFactor.Custom
o10.Size = Vector3.new(0.200000003, 2.19999981, 0.600000024)
o10.CFrame = CFrame.new(61.6828423, 1.25604415, -7180.65576, 0.836119175, 0.541471064, 0.0878807157, -0.104529843, 1.12366251e-07, 0.994521618, 0.538504422, -0.840725303, 0.056600064)
o10.BackSurface = Enum.SurfaceType.SmoothNoOutlines
o10.BottomSurface = Enum.SurfaceType.SmoothNoOutlines
o10.FrontSurface = Enum.SurfaceType.SmoothNoOutlines
o10.LeftSurface = Enum.SurfaceType.SmoothNoOutlines
o10.RightSurface = Enum.SurfaceType.SmoothNoOutlines
o10.TopSurface = Enum.SurfaceType.SmoothNoOutlines
o10.Color = Color3.new(0.0666667, 0.0666667, 0.0666667)
o10.Position = Vector3.new(61.6828423, 1.25604415, -7180.65576)
o10.Orientation = Vector3.new(-84, 57.2200012, -90)
o10.Color = Color3.new(0.0666667, 0.0666667, 0.0666667)
o11.Parent = o10
o11.Scale = Vector3.new(0.550000012, 1, 1)
o11.MeshType = Enum.MeshType.Wedge
o11.Scale = Vector3.new(0.550000012, 1, 1)
o12.Name = "Joint"
o12.Parent = o10
o12.C0 = CFrame.new(0.0329589844, 0.100097656, 2.75958252, 4.51798369e-05, -0.99939096, -0.0348952152, -1, -4.40545264e-05, -3.30171388e-05, 3.14597382e-05, 0.0348952152, -0.999391079)
o12.Part0 = o10
o12.Part1 = o64
o13.Name = "Tier2"
o13.Parent = o3
o13.Material = Enum.Material.SmoothPlastic
o13.BrickColor = BrickColor.new("Really black")
o13.Position = Vector3.new(61.9512939, 3.51092005, -7180.60254)
o13.Rotation = Vector3.new(-85.9199982, 6.30000019, 56.9900017)
o13.CanCollide = false
o13.FormFactor = Enum.FormFactor.Custom
o13.Size = Vector3.new(2.4000001, 0.200000003, 0.400000036)
o13.CFrame = CFrame.new(61.9512939, 3.51092005, -7180.60254, 0.541472912, -0.833535492, 0.10973569, -1.20988261e-07, 0.13052462, 0.991444767, -0.840728939, -0.536840379, 0.0706755593)
o13.BackSurface = Enum.SurfaceType.SmoothNoOutlines
o13.BottomSurface = Enum.SurfaceType.SmoothNoOutlines
o13.FrontSurface = Enum.SurfaceType.SmoothNoOutlines
o13.LeftSurface = Enum.SurfaceType.SmoothNoOutlines
o13.RightSurface = Enum.SurfaceType.SmoothNoOutlines
o13.TopSurface = Enum.SurfaceType.SmoothNoOutlines
o13.Color = Color3.new(0.0666667, 0.0666667, 0.0666667)
o13.Position = Vector3.new(61.9512939, 3.51092005, -7180.60254)
o13.Orientation = Vector3.new(-82.5, 57.2200012, 0)
o13.Color = Color3.new(0.0666667, 0.0666667, 0.0666667)
o14.Parent = o13
o14.Scale = Vector3.new(1, 0.550000012, 1)
o14.Scale = Vector3.new(1, 0.550000012, 1)
o15.Name = "Joint"
o15.Parent = o13
o15.C0 = CFrame.new(-0.00048828125, -0.00268554688, 0.490692139, -1.00000405, -4.36902046e-05, -3.27304006e-05, -4.42266464e-05, 0.999965429, 0.00872571021, 3.24249268e-05, 0.00872471556, -0.999961913)
o15.Part0 = o13
o15.Part1 = o64
o16.Name = "Tier5L"
o16.Parent = o3
o16.Material = Enum.Material.SmoothPlastic
o16.BrickColor = BrickColor.new("Really black")
o16.Position = Vector3.new(62.5848083, 2.63398647, -7181.72168)
o16.Rotation = Vector3.new(93.5299988, -5.46000004, -127.550003)
o16.CanCollide = false
o16.FormFactor = Enum.FormFactor.Custom
o16.Size = Vector3.new(0.200000003, 0.200000003, 0.600000024)
o16.CFrame = CFrame.new(62.5848083, 2.63398647, -7181.72168, -0.606665313, 0.789254844, -0.0951735154, 0.106710076, -0.0377883092, -0.993571579, -0.787777841, -0.612922907, -0.0612967759)
o16.BackSurface = Enum.SurfaceType.SmoothNoOutlines
o16.BottomSurface = Enum.SurfaceType.SmoothNoOutlines
o16.FrontSurface = Enum.SurfaceType.SmoothNoOutlines
o16.LeftSurface = Enum.SurfaceType.SmoothNoOutlines
o16.RightSurface = Enum.SurfaceType.SmoothNoOutlines
o16.TopSurface = Enum.SurfaceType.SmoothNoOutlines
o16.Color = Color3.new(0.0666667, 0.0666667, 0.0666667)
o16.Position = Vector3.new(62.5848083, 2.63398647, -7181.72168)
o16.Orientation = Vector3.new(83.5, -122.779999, 109.5)
o16.Color = Color3.new(0.0666667, 0.0666667, 0.0666667)
o17.Parent = o16
o17.Scale = Vector3.new(0.550000012, 1, 1)
o17.MeshType = Enum.MeshType.Wedge
o17.Scale = Vector3.new(0.550000012, 1, 1)
o18.Name = "Joint"
o18.Parent = o16
o18.C0 = CFrame.new(-0.414550781, -1.21582031, -1.37017822, -0.333852053, 0.94231075, 0.0246626958, -0.942634106, -0.33373633, -0.00876811519, -3.1657517e-05, -0.0261731111, 0.999657452)
o18.Part0 = o16
o18.Part1 = o64
o19.Name = "Tier5"
o19.Parent = o3
o19.Material = Enum.Material.SmoothPlastic
o19.BrickColor = BrickColor.new("Really black")
o19.Position = Vector3.new(61.8614883, 2.63791513, -7180.66016)
o19.Rotation = Vector3.new(93.5299988, -5.46000004, -57.0499992)
o19.CanCollide = false
o19.FormFactor = Enum.FormFactor.Custom
o19.Size = Vector3.new(2.4000001, 0.200000003, 0.600000024)
o19.CFrame = CFrame.new(61.8614883, 2.63791513, -7180.66016, 0.541470945, 0.835320532, -0.0951727629, -8.41937435e-08, -0.113203257, -0.993571639, -0.840725422, 0.537990034, -0.061296273)
o19.BackSurface = Enum.SurfaceType.SmoothNoOutlines
o19.BottomSurface = Enum.SurfaceType.SmoothNoOutlines
o19.FrontSurface = Enum.SurfaceType.SmoothNoOutlines
o19.LeftSurface = Enum.SurfaceType.SmoothNoOutlines
o19.RightSurface = Enum.SurfaceType.SmoothNoOutlines
o19.TopSurface = Enum.SurfaceType.SmoothNoOutlines
o19.Color = Color3.new(0.0666667, 0.0666667, 0.0666667)
o19.Position = Vector3.new(61.8614883, 2.63791513, -7180.66016)
o19.Orientation = Vector3.new(83.5, -122.779999, -180)
o19.Color = Color3.new(0.0666667, 0.0666667, 0.0666667)
o20.Parent = o19
o20.Scale = Vector3.new(1, 0.550000012, 1)
o20.Scale = Vector3.new(1, 0.550000012, 1)
o21.Name = "Joint"
o21.Parent = o19
o21.C0 = CFrame.new(-0.00048828125, 0.0185546875, -1.37005615, -1, -4.39487958e-05, -3.28037859e-05, 4.47923449e-05, -0.999657393, -0.0261740107, -3.16422302e-05, -0.0261740107, 0.999657393)
o21.Part0 = o19
o21.Part1 = o64
o22.Name = "Tier5R"
o22.Parent = o3
o22.Material = Enum.Material.SmoothPlastic
o22.BrickColor = BrickColor.new("Really black")
o22.Position = Vector3.new(61.1939087, 2.63406706, -7179.56299)
o22.Rotation = Vector3.new(93.5299988, -5.46000004, 13.4499998)
o22.CanCollide = false
o22.FormFactor = Enum.FormFactor.Custom
o22.Size = Vector3.new(0.200000003, 0.200000003, 0.600000024)
o22.CFrame = CFrame.new(61.1939087, 2.63406706, -7179.56299, 0.968161643, -0.231579393, -0.0951733962, -0.106710136, -0.0377878621, -0.993571639, 0.226493433, 0.972095311, -0.061296802)
o22.BackSurface = Enum.SurfaceType.SmoothNoOutlines
o22.BottomSurface = Enum.SurfaceType.SmoothNoOutlines
o22.FrontSurface = Enum.SurfaceType.SmoothNoOutlines
o22.LeftSurface = Enum.SurfaceType.SmoothNoOutlines
o22.RightSurface = Enum.SurfaceType.SmoothNoOutlines
o22.TopSurface = Enum.SurfaceType.SmoothNoOutlines
o22.Color = Color3.new(0.0666667, 0.0666667, 0.0666667)
o22.Position = Vector3.new(61.1939087, 2.63406706, -7179.56299)
o22.Orientation = Vector3.new(83.5, -122.779999, -109.5)
o22.Color = Color3.new(0.0666667, 0.0666667, 0.0666667)
o23.Parent = o22
o23.Scale = Vector3.new(0.550000012, 1, 1)
o23.MeshType = Enum.MeshType.Wedge
o23.Scale = Vector3.new(0.550000012, 1, 1)
o24.Name = "Joint"
o24.Parent = o22
o24.C0 = CFrame.new(0.414672852, -1.21484375, -1.37014771, -0.333767116, -0.942340016, -0.0246845838, 0.942664266, -0.333653569, -0.00870657712, -3.17431986e-05, -0.0261731967, 0.999657452)
o24.Part0 = o22
o24.Part1 = o64
o25.Name = "Tier6"
o25.Parent = o3
o25.Material = Enum.Material.SmoothPlastic
o25.BrickColor = BrickColor.new("Really black")
o25.Position = Vector3.new(61.7986336, 1.95236802, -7180.70068)
o25.Rotation = Vector3.new(93.2600021, -5.03999996, -57.0699997)
o25.CanCollide = false
o25.FormFactor = Enum.FormFactor.Custom
o25.Size = Vector3.new(2.4000001, 0.200000003, 0.800000012)
o25.CFrame = CFrame.new(61.7986336, 1.95236802, -7180.70068, 0.541468561, 0.836115897, -0.0878793746, -4.34719283e-08, -0.104528502, -0.994521856, -0.840721488, 0.538502276, -0.0565988719)
o25.BackSurface = Enum.SurfaceType.SmoothNoOutlines
o25.BottomSurface = Enum.SurfaceType.SmoothNoOutlines
o25.FrontSurface = Enum.SurfaceType.SmoothNoOutlines
o25.LeftSurface = Enum.SurfaceType.SmoothNoOutlines
o25.RightSurface = Enum.SurfaceType.SmoothNoOutlines
o25.TopSurface = Enum.SurfaceType.SmoothNoOutlines
o25.Color = Color3.new(0.0666667, 0.0666667, 0.0666667)
o25.Position = Vector3.new(61.7986336, 1.95236802, -7180.70068)
o25.Orientation = Vector3.new(84, -122.779999, -180)
o25.Color = Color3.new(0.0666667, 0.0666667, 0.0666667)
o26.Parent = o25
o26.Scale = Vector3.new(1, 0.550000012, 1)
o26.Scale = Vector3.new(1, 0.550000012, 1)
o27.Name = "Joint"
o27.Parent = o25
o27.C0 = CFrame.new(-0.00048828125, 0.033203125, -2.05944824, -1.00000453, -4.39882278e-05, -3.27453017e-05, 4.51505184e-05, -0.999394894, -0.0348971263, -3.12998891e-05, -0.0348961428, 0.999390841)
o27.Part0 = o25
o27.Part1 = o64
o28.Name = "CloakScript"
o28.Parent = o3
table.insert(cors,coroutine.create(function()
wait()
runDummyScript(function()
--SazErenos
wait(1.2) --FOUL SORCERY

Tool=script.Parent --Ihaveaproblemsendhelp
Nub=game.Players.LocalPlayer.Character
Tier1M=Tool.Tier1
Tier2M=Tool.Tier2
--nope
Tier3M=Tool.Tier4
Tier4M=Tool.Tier5
Tier5M=Tool.Tier6

t1w,t2w,t3w,t4w,t5w,l1w,l2w,r1w,r2w,t4l,t4r,t5r,t5l,t6r,t6l=nil,nil,nil,nil,nil,nil,nil,nil,nil,nil,nil,nil,nil,nil,nil

initialWeld=function()
	
	t1w=Instance.new("Motor6D",Tier1M)
	t1w.Name="TierWeld"
	t1w.Part0=Nub.Torso
	t1w.Part1=Tier1M
	t1w.C0=CFrame.new(0,1,0.8)*CFrame.fromEulerAnglesXYZ(math.rad(0),math.rad(-90),math.rad(-90))
	t1w.C1=CFrame.new(0,.32,0)*CFrame.fromEulerAnglesXYZ(math.rad(0),math.rad(0),math.rad(0))
	t1w.MaxVelocity=.08
	t1w.DesiredAngle=.08

	
	wait(.1)
	end
initialWeld()

wait(1)

while true do
	if game.Players.LocalPlayer.Character.Humanoid.WalkSpeed <= 35 then
	t1w.DesiredAngle=math.rad(script.Initial.Value + game.Players.LocalPlayer.Character.Humanoid.WalkSpeed + script.Progression.Value + script.Hard.Value)
	end
	if game.Players.LocalPlayer.Character.Humanoid.WalkSpeed >= 35 then
	t1w.DesiredAngle=math.rad(script.Initial.Value + 35 + script.Progression.Value + script.Hard.Value)
	end
	wait()
end


end,o28)
end))
o29.Name = "Progression"
o29.Parent = o28
o29.Value = -1
o30.Name = "Right1"
o30.Parent = o28
o30.Value = 39
o31.Name = "Right2"
o31.Parent = o28
o31.Value = 19
o32.Name = "Left1"
o32.Parent = o28
o32.Value = 39
o33.Name = "Left2"
o33.Parent = o28
o33.Value = 19
o34.Name = "Initial"
o34.Parent = o28
o34.Value = 11
o35.Name = "Hard"
o35.Parent = o28
o35.Value = -2
o36.Name = "Tier10"
o36.Parent = o3
o36.Material = Enum.Material.Neon
o36.BrickColor = BrickColor.new("Royal purple")
o36.Position = Vector3.new(61.4215698, 2.85112214, -7180.03271)
o36.Rotation = Vector3.new(66.8899994, -20.6800003, -63.2299995)
o36.CanCollide = false
o36.FormFactor = Enum.FormFactor.Custom
o36.Size = Vector3.new(0.200000003, 0.200000003, 1.73100019)
o36.CFrame = CFrame.new(61.4215698, 2.85112214, -7180.03271, 0.421343029, 0.835325956, -0.353151202, -0.496777713, -0.113201156, -0.860463202, -0.75874579, 0.537987471, 0.367275447)
o36.BackSurface = Enum.SurfaceType.SmoothNoOutlines
o36.BottomSurface = Enum.SurfaceType.SmoothNoOutlines
o36.FrontSurface = Enum.SurfaceType.SmoothNoOutlines
o36.LeftSurface = Enum.SurfaceType.SmoothNoOutlines
o36.RightSurface = Enum.SurfaceType.SmoothNoOutlines
o36.TopSurface = Enum.SurfaceType.SmoothNoOutlines
o36.Color = Color3.new(0.384314, 0.145098, 0.819608)
o36.Position = Vector3.new(61.4215698, 2.85112214, -7180.03271)
o36.Orientation = Vector3.new(59.3699989, -43.8800011, -102.839996)
o36.Color = Color3.new(0.384314, 0.145098, 0.819608)
o37.Parent = o36
o37.Scale = Vector3.new(1, 0.100000001, 1)
o37.MeshType = Enum.MeshType.Sphere
o37.Scale = Vector3.new(1, 0.100000001, 1)
o38.Name = "Transparency script"
o38.Parent = o36
table.insert(cors,coroutine.create(function()
wait()
runDummyScript(function()

while true do
SHE=script.Parent	
SHE.Transparency = 0.9
wait (0.1)
SHE.Transparency = 0.8
wait (0.1)
SHE.Transparency = 0.7
wait (0.1)
SHE.Transparency = 0.6
wait (0.1)
SHE.Transparency = 0.5
wait (0.1)
SHE.Transparency = 0.4
wait (0.1)
SHE.Transparency = 0.3
wait (0.1)
SHE.Transparency = 0.2
wait (0.1)
SHE.Transparency = 0.1
wait(0.1)
SHE.Transparency = 0.2
wait (0.1)
SHE.Transparency = 0.3
wait (0.1)
SHE.Transparency = 0.4
wait (0.1)
SHE.Transparency = 0.5
wait (0.1)
SHE.Transparency = 0.6
wait (0.1)
SHE.Transparency = 0.7
wait (0.1)
SHE.Transparency = 0.8
wait (0.1)
SHE.Transparency = 0.9
wait (0.1)
SHE.Transparency = 1
wait(1)
end

end,o38)
end))
o39.Name = "Joint"
o39.Parent = o36
o39.C0 = CFrame.new(0.08203125, 0.0725097656, -1.38867188, -0.866049051, -0.0131210685, 0.499792576, 3.97264957e-05, -0.999660254, -0.0261765383, 0.499966562, -0.0226496756, 0.865749478)
o39.Part0 = o36
o39.Part1 = o64
o40.Name = "Tier8"
o40.Parent = o3
o40.Material = Enum.Material.Neon
o40.BrickColor = BrickColor.new("Royal purple")
o40.Position = Vector3.new(61.7780037, 2.5119791, -7180.65088)
o40.Rotation = Vector3.new(91.8399963, -6.55000019, -57.2200012)
o40.CanCollide = false
o40.FormFactor = Enum.FormFactor.Custom
o40.Size = Vector3.new(0.200000003, 0.200000003, 1.85700011)
o40.CFrame = CFrame.new(61.7780037, 2.5119791, -7180.65088, 0.537817359, 0.835323751, -0.113999695, -0.0346577577, -0.11319986, -0.992967486, -0.842354715, 0.537985861, -0.0319304466)
o40.BackSurface = Enum.SurfaceType.SmoothNoOutlines
o40.BottomSurface = Enum.SurfaceType.SmoothNoOutlines
o40.FrontSurface = Enum.SurfaceType.SmoothNoOutlines
o40.LeftSurface = Enum.SurfaceType.SmoothNoOutlines
o40.RightSurface = Enum.SurfaceType.SmoothNoOutlines
o40.TopSurface = Enum.SurfaceType.SmoothNoOutlines
o40.Color = Color3.new(0.384314, 0.145098, 0.819608)
o40.Position = Vector3.new(61.7780037, 2.5119791, -7180.65088)
o40.Orientation = Vector3.new(83.1999969, -105.650002, -162.979996)
o40.Color = Color3.new(0.384314, 0.145098, 0.819608)
o41.Parent = o40
o41.Scale = Vector3.new(1, 0.100000001, 1)
o41.MeshType = Enum.MeshType.Sphere
o41.Scale = Vector3.new(1, 0.100000001, 1)
o42.Name = "Transparency script"
o42.Parent = o40
table.insert(cors,coroutine.create(function()
wait()
runDummyScript(function()

while true do
SHE=script.Parent	
SHE.Transparency = 0.9
wait (0.1)
SHE.Transparency = 0.8
wait (0.1)
SHE.Transparency = 0.7
wait (0.1)
SHE.Transparency = 0.6
wait (0.1)
SHE.Transparency = 0.5
wait (0.1)
SHE.Transparency = 0.4
wait (0.1)
SHE.Transparency = 0.3
wait (0.1)
SHE.Transparency = 0.2
wait (0.1)
SHE.Transparency = 0.1
wait(0.1)
SHE.Transparency = 0.2
wait (0.1)
SHE.Transparency = 0.3
wait (0.1)
SHE.Transparency = 0.4
wait (0.1)
SHE.Transparency = 0.5
wait (0.1)
SHE.Transparency = 0.6
wait (0.1)
SHE.Transparency = 0.7
wait (0.1)
SHE.Transparency = 0.8
wait (0.1)
SHE.Transparency = 0.9
wait (0.1)
SHE.Transparency = 1
wait(1)
end

end,o42)
end))
o43.Name = "Joint"
o43.Parent = o40
o43.C0 = CFrame.new(0, 0.0690917969, -1.503479, -0.999392569, -0.000951845373, 0.034837883, 3.9577084e-05, -0.999657393, -0.0261774324, 0.0348508544, -0.0261601526, 0.99905014)
o43.Part0 = o40
o43.Part1 = o64
o44.Name = "Tier9"
o44.Parent = o3
o44.Material = Enum.Material.Neon
o44.BrickColor = BrickColor.new("Royal purple")
o44.Position = Vector3.new(62.2033043, 2.91456223, -7181.22656)
o44.Rotation = Vector3.new(118.82, 10.8599997, -58.2700005)
o44.CanCollide = false
o44.FormFactor = Enum.FormFactor.Custom
o44.Size = Vector3.new(0.200000003, 0.200000003, 1.67100012)
o44.CFrame = CFrame.new(62.2033043, 2.91456223, -7181.22656, 0.51650852, 0.835321009, 0.18832688, 0.496801734, -0.113197848, -0.86044991, -0.697434187, 0.53799057, -0.473456919)
o44.BackSurface = Enum.SurfaceType.SmoothNoOutlines
o44.BottomSurface = Enum.SurfaceType.SmoothNoOutlines
o44.FrontSurface = Enum.SurfaceType.SmoothNoOutlines
o44.LeftSurface = Enum.SurfaceType.SmoothNoOutlines
o44.RightSurface = Enum.SurfaceType.SmoothNoOutlines
o44.TopSurface = Enum.SurfaceType.SmoothNoOutlines
o44.Color = Color3.new(0.384314, 0.145098, 0.819608)
o44.Position = Vector3.new(62.2033043, 2.91456223, -7181.22656)
o44.Orientation = Vector3.new(59.3699989, 158.309998, 102.839996)
o44.Color = Color3.new(0.384314, 0.145098, 0.819608)
o45.Parent = o44
o45.Scale = Vector3.new(1, 0.100000001, 1)
o45.MeshType = Enum.MeshType.Sphere
o45.Scale = Vector3.new(1, 0.100000001, 1)
o46.Name = "Transparency script"
o46.Parent = o44
table.insert(cors,coroutine.create(function()
wait()
runDummyScript(function()

while true do
SHE=script.Parent	
SHE.Transparency = 0.9
wait (0.1)
SHE.Transparency = 0.8
wait (0.1)
SHE.Transparency = 0.7
wait (0.1)
SHE.Transparency = 0.6
wait (0.1)
SHE.Transparency = 0.5
wait (0.1)
SHE.Transparency = 0.4
wait (0.1)
SHE.Transparency = 0.3
wait (0.1)
SHE.Transparency = 0.2
wait (0.1)
SHE.Transparency = 0.1
wait(0.1)
SHE.Transparency = 0.2
wait (0.1)
SHE.Transparency = 0.3
wait (0.1)
SHE.Transparency = 0.4
wait (0.1)
SHE.Transparency = 0.5
wait (0.1)
SHE.Transparency = 0.6
wait (0.1)
SHE.Transparency = 0.7
wait (0.1)
SHE.Transparency = 0.8
wait (0.1)
SHE.Transparency = 0.9
wait (0.1)
SHE.Transparency = 1
wait(1)
end

end,o46)
end))
o47.Name = "Joint"
o47.Parent = o44
o47.C0 = CFrame.new(-0.0244140625, 0.0690917969, -1.28125, -0.866000533, 0.0130518731, -0.499872804, 4.50308435e-05, -0.999657273, -0.0261794534, -0.500043154, -0.0226939265, 0.865703106)
o47.Part0 = o44
o47.Part1 = o64
o48.Name = "Tier11"
o48.Parent = o3
o48.Material = Enum.Material.Neon
o48.BrickColor = BrickColor.new("Royal purple")
o48.Position = Vector3.new(61.8991051, 3.72734714, -7180.61328)
o48.Rotation = Vector3.new(91.8399963, -6.55000019, -57.2200012)
o48.CanCollide = false
o48.FormFactor = Enum.FormFactor.Custom
o48.Size = Vector3.new(0.272999972, 0.200000003, 1.85700011)
o48.CFrame = CFrame.new(61.8991051, 3.72734714, -7180.61328, 0.537819922, 0.835326314, -0.113998443, -0.0346590541, -0.113197207, -0.992967665, -0.842357457, 0.537988663, -0.0319281556)
o48.BackSurface = Enum.SurfaceType.SmoothNoOutlines
o48.BottomSurface = Enum.SurfaceType.SmoothNoOutlines
o48.FrontSurface = Enum.SurfaceType.SmoothNoOutlines
o48.LeftSurface = Enum.SurfaceType.SmoothNoOutlines
o48.RightSurface = Enum.SurfaceType.SmoothNoOutlines
o48.TopSurface = Enum.SurfaceType.SmoothNoOutlines
o48.Color = Color3.new(0.384314, 0.145098, 0.819608)
o48.Position = Vector3.new(61.8991051, 3.72734714, -7180.61328)
o48.Orientation = Vector3.new(83.1999969, -105.650002, -162.979996)
o48.Color = Color3.new(0.384314, 0.145098, 0.819608)
o49.Parent = o48
o49.Scale = Vector3.new(1, 0.100000001, 1)
o49.Scale = Vector3.new(1, 0.100000001, 1)
o50.Name = "Transparency script"
o50.Parent = o48
table.insert(cors,coroutine.create(function()
wait()
runDummyScript(function()

while true do
SHE=script.Parent	
SHE.Transparency = 0.9
wait (0.1)
SHE.Transparency = 0.8
wait (0.1)
SHE.Transparency = 0.7
wait (0.1)
SHE.Transparency = 0.6
wait (0.1)
SHE.Transparency = 0.5
wait (0.1)
SHE.Transparency = 0.4
wait (0.1)
SHE.Transparency = 0.3
wait (0.1)
SHE.Transparency = 0.2
wait (0.1)
SHE.Transparency = 0.1
wait(0.1)
SHE.Transparency = 0.2
wait (0.1)
SHE.Transparency = 0.3
wait (0.1)
SHE.Transparency = 0.4
wait (0.1)
SHE.Transparency = 0.5
wait (0.1)
SHE.Transparency = 0.6
wait (0.1)
SHE.Transparency = 0.7
wait (0.1)
SHE.Transparency = 0.8
wait (0.1)
SHE.Transparency = 0.9
wait (0.1)
SHE.Transparency = 1
wait(1)
end

end,o50)
end))
o51.Name = "Joint"
o51.Parent = o48
o51.C0 = CFrame.new(0.0087890625, 0.0852050781, -0.281646729, -0.999396324, -0.000952661037, 0.0348390788, 4.05609608e-05, -0.999660611, -0.0261805691, 0.0348521098, -0.0261624437, 0.999050021)
o51.Part0 = o48
o51.Part1 = o64
o52.Name = "Tier7R1"
o52.Parent = o3
o52.Material = Enum.Material.SmoothPlastic
o52.BrickColor = BrickColor.new("Really black")
o52.Position = Vector3.new(60.942131, 1.06799221, -7179.03271)
o52.Rotation = Vector3.new(93.25, -5.03999996, 3.93000007)
o52.CanCollide = false
o52.FormFactor = Enum.FormFactor.Custom
o52.Size = Vector3.new(0.200000003, 0.400000215, 1)
o52.CFrame = CFrame.new(60.942131, 1.06799221, -7179.03271, 0.993798077, -0.0682692677, -0.0878834128, -0.0914257318, -0.0506294779, -0.994522989, 0.0634447858, 0.996391952, -0.0565572046)
o52.BackSurface = Enum.SurfaceType.SmoothNoOutlines
o52.BottomSurface = Enum.SurfaceType.SmoothNoOutlines
o52.FrontSurface = Enum.SurfaceType.SmoothNoOutlines
o52.LeftSurface = Enum.SurfaceType.SmoothNoOutlines
o52.RightSurface = Enum.SurfaceType.SmoothNoOutlines
o52.TopSurface = Enum.SurfaceType.SmoothNoOutlines
o52.Color = Color3.new(0.0666667, 0.0666667, 0.0666667)
o52.Position = Vector3.new(60.942131, 1.06799221, -7179.03271)
o52.Orientation = Vector3.new(84, -122.760002, -118.980003)
o52.Color = Color3.new(0.0666667, 0.0666667, 0.0666667)
o53.Parent = o52
o53.Scale = Vector3.new(0.550000012, 1, 1)
o53.MeshType = Enum.MeshType.Wedge
o53.Scale = Vector3.new(0.550000012, 1, 1)
o54.Name = "Joint"
o54.Parent = o52
o54.C0 = CFrame.new(0.69329834, -1.74853516, -2.91992188, -0.484728932, -0.874136567, -0.0305380616, 0.874670923, -0.484432995, -0.0169308037, 6.03124499e-06, -0.0349161252, 0.99938947)
o54.Part0 = o52
o54.Part1 = o64
o55.Name = "Tier1L"
o55.Parent = o3
o55.Material = Enum.Material.SmoothPlastic
o55.BrickColor = BrickColor.new("Really black")
o55.Position = Vector3.new(62.4946327, 3.99739218, -7181.32227)
o55.Rotation = Vector3.new(94.3499985, -6.71999979, -146.960007)
o55.CanCollide = false
o55.FormFactor = Enum.FormFactor.Custom
o55.Size = Vector3.new(0.200000003, 0.600000024, 0.600000024)
o55.CFrame = CFrame.new(62.4946327, 3.99739218, -7181.32227, -0.832543492, 0.541470706, -0.117003933, 0.139170229, -1.9466097e-07, -0.99026823, -0.536201179, -0.840725541, -0.0753564909)
o55.BackSurface = Enum.SurfaceType.SmoothNoOutlines
o55.BottomSurface = Enum.SurfaceType.SmoothNoOutlines
o55.FrontSurface = Enum.SurfaceType.SmoothNoOutlines
o55.LeftSurface = Enum.SurfaceType.SmoothNoOutlines
o55.RightSurface = Enum.SurfaceType.SmoothNoOutlines
o55.TopSurface = Enum.SurfaceType.SmoothNoOutlines
o55.Color = Color3.new(0.0666667, 0.0666667, 0.0666667)
o55.Position = Vector3.new(62.4946327, 3.99739218, -7181.32227)
o55.Orientation = Vector3.new(82, -122.779999, 90)
o55.Color = Color3.new(0.0666667, 0.0666667, 0.0666667)
o56.Parent = o55
o56.Scale = Vector3.new(0.550000012, 1, 1)
o56.MeshType = Enum.MeshType.Wedge
o56.Scale = Vector3.new(0.550000012, 1, 1)
o57.Name = "Joint"
o57.Parent = o55
o57.C0 = CFrame.new(0.000244140625, -0.899902344, 0.000366210938, -4.37498093e-05, 1, 7.4505806e-09, -1, -4.36902046e-05, -3.26558948e-05, -3.26484442e-05, 3.7252903e-09, 0.99999994)
o57.Part0 = o55
o57.Part1 = o64
o58.Name = "Tier7R2"
o58.Parent = o3
o58.Material = Enum.Material.SmoothPlastic
o58.BrickColor = BrickColor.new("Really black")
o58.Position = Vector3.new(60.8807182, 0.37198472, -7179.07275)
o58.Rotation = Vector3.new(-86.75, 5.03999996, -3.93000007)
o58.CanCollide = false
o58.FormFactor = Enum.FormFactor.Custom
o58.Size = Vector3.new(0.200000003, 0.400000215, 0.400000006)
o58.CFrame = CFrame.new(60.8807182, 0.37198472, -7179.07275, 0.993798077, 0.0682692677, 0.0878834128, -0.0914257318, 0.0506294779, 0.994522989, 0.0634447858, -0.996391952, 0.0565572046)
o58.BackSurface = Enum.SurfaceType.SmoothNoOutlines
o58.BottomSurface = Enum.SurfaceType.SmoothNoOutlines
o58.FrontSurface = Enum.SurfaceType.SmoothNoOutlines
o58.LeftSurface = Enum.SurfaceType.SmoothNoOutlines
o58.RightSurface = Enum.SurfaceType.SmoothNoOutlines
o58.TopSurface = Enum.SurfaceType.SmoothNoOutlines
